	S33	S19	S50	S62	S63	S48	S9	S82	S80	S24	S87	S41	S61	S6	S90	S91	S73	S67	S59	S38	S66	S58	S57	S79	S23	S43	S56	S70	S99	S52	S2	S14	S27	S26	S13	S22	S85	S31	S34	S8	S11	S39	S30	S77	S93	S92	S40	S21	S7	S97	S89	S46	S54	S95	S69	S5	S47	S88	S36	S28	S76	S72	S4	S98	S64	S55	S45	S15
S33	0.0	3.6428824409999994e-05	0.00044913772922	0.0009170298618200001	0.0009167225634800001	0.0009114934426430001	0.0009167634708450002	0.0009709766039950001	0.0009869249770030001	0.0009596247303730001	0.00098094537859	0.0009692976054800002	0.0009747875763550001	0.0009760431699050001	0.000981775078545	0.000997464196245	0.000978098281461	0.0009504711731610001	0.0009546108545910001	0.0009430909693010002	0.0009484400220150001	0.0009732102429020001	0.001122190867282	0.0009406101297090001	0.0009329924158790002	0.0009379932389200001	0.0009401371901060001	0.0009373693199350001	0.0009365061695090002	0.0009383670071280002	0.0009029966328360002	0.0006553939730400001	0.00022650628461	0.000227771963589	0.00022565434946400002	0.00028161236827	0.00029182008622000003	0.00028711066809999995	0.00028981795803	0.00028810575129999995	0.00839037235132	0.00959705992702	0.00954670481111	0.009580500481331	0.009585216240412999	0.009586870235788001	0.009570911511663	0.009564345049533001	0.009567512750887	0.009579231234339	0.009576927401634	0.009571803511983	0.009583498186615	0.006163697048520001	0.00720600665182	0.00732003085613	0.0089629266087	0.0083377325477	0.00887479780273	0.00645773716532	0.00837406241412	0.008258327362786	0.008242351513356	0.008265488761805	0.009133067578225	0.008452091264025	0.01148971142362	0.011607667565980001
S19	3.6428824409999994e-05	0.0	0.00045141036109	0.00091930249369	0.00091899519535	0.000913766074513	0.0009190361027150002	0.0009732492358650001	0.000989197608873	0.0009618973622430001	0.0009832180104600002	0.0009715702373500001	0.000977060208225	0.0009783158017750001	0.000984047710415	0.0009997368281150002	0.0009803709133310002	0.000952743805031	0.0009568834864610001	0.0009453636011710002	0.000950712653885	0.000975482874772	0.001124463499152	0.0009428827615790001	0.0009352650477490001	0.00094026587079	0.000942409821976	0.000939641951805	0.0009387788013790002	0.0009406396389980002	0.0009052692647060002	0.00065766660491	0.00022877891648	0.000230044595459	0.000227926981334	0.00028388500014	0.00029409271809000004	0.00028938329996999995	0.0002920905899	0.00029037838316999995	0.00839264498319	0.00959933255889	0.00954897744298	0.009582773113201	0.009587488872283001	0.009589142867658	0.009573184143533	0.009566617681403	0.009569785382757	0.009581503866209	0.009579200033504001	0.009574076143853	0.009585770818485	0.006165969680390001	0.00720827928369	0.007322303488	0.008965199240570002	0.00834000517957	0.008877070434600001	0.00646000979719	0.00837633504599	0.008260599994656	0.008244624145226	0.008267761393675	0.009135340210095001	0.008454363895895	0.01149198405549	0.011609940197850001
S50	0.00044913772922	0.00045141036109	0.0	0.0008252549554	0.00082494765706	0.000819718536223	0.000824988564425	0.000879201697575	0.000895150070583	0.000867849823953	0.00088917047217	0.00087752269906	0.000883012669935	0.000884268263485	0.000890000172125	0.000905689289825	0.000886323375041	0.000858696266741	0.000862835948171	0.0008513160628810001	0.000856665115595	0.000881435336482	0.001030415960862	0.000848835223289	0.0008412175094590001	0.0008462183325	0.000848362283686	0.000845594413515	0.0008447312630890001	0.0008465921007080001	0.000811221726416	0.00056361906662	0.00038456897259000003	0.00038583465156899997	0.000383717037444	0.00043967505625	0.0004498827742	0.00044517335608	0.00044788064601	0.00044616843928	0.0086264315393	0.009833119115	0.009782763999090002	0.009816559669311001	0.009821275428393	0.009822929423768001	0.009806970699643001	0.009800404237513001	0.009803571938867002	0.009815290422319	0.009812986589614001	0.009807862699963001	0.009819557374595	0.006399756236500001	0.0074420658398000016	0.007556090044110001	0.009198985796680001	0.00857379173568	0.00911085699071	0.0066937963533000005	0.0086101216021	0.008494386550766002	0.008478410701336002	0.008501547949785002	0.009369126766205	0.008688150452005002	0.011725770611600001	0.011843726753960003
S62	0.0009170298618200001	0.00091930249369	0.0008252549554	0.0	3.749177064e-05	3.4625943337e-05	5.4685655985e-05	0.000108898789135	0.000124847162143	9.754691551300001e-05	0.00011886756373	0.00010721979062	0.000112709761495	0.000113965355045	0.000119697263685	0.00013538638138499998	0.00011602046660099999	8.8393358301e-05	9.2533039731e-05	8.101315444100002e-05	8.636220715500002e-05	0.000111132428042	0.00026011305242200003	7.853231484900001e-05	7.091460101900001e-05	7.591542406000001e-05	7.805937524600001e-05	7.5291505075e-05	7.442835464900001e-05	7.628919226800001e-05	4.0918817976e-05	0.00087285938518	0.00085246110519	0.000853726784169	0.0008516091700440001	0.0009075671888500001	0.0009177749068	0.00091306548868	0.00091577277861	0.00091406057188	0.0090943236719	0.010301011247600002	0.01025065613169	0.010284451801911	0.010289167560993	0.010290821556368	0.010274862832243	0.010268296370113	0.010271464071467	0.010283182554919001	0.010280878722214	0.010275754832563	0.010287449507195002	0.006867648369100001	0.007909957972400001	0.00802398217671	0.009666877929280001	0.009041683868280002	0.009578749123310002	0.0071616884859	0.009078013734700002	0.008962278683366002	0.008946302833936002	0.008969440082385	0.009837018898805	0.009156042584605001	0.012193662744200001	0.012311618886560002
S63	0.0009167225634800001	0.00091899519535	0.00082494765706	3.749177064e-05	0.0	3.4318644997e-05	5.4378357645e-05	0.000108591490795	0.00012453986380299998	9.723961717300001e-05	0.00011856026539	0.00010691249228	0.000112402463155	0.000113658056705	0.000119389965345	0.00013507908304499997	0.00011571316826099999	8.808605996100002e-05	9.2225741391e-05	8.070585610100001e-05	8.605490881500001e-05	0.000110825129702	0.000259805754082	7.822501650900001e-05	7.060730267900001e-05	7.560812572000001e-05	7.775207690600001e-05	7.498420673500001e-05	7.412105630900002e-05	7.598189392800001e-05	4.0611519636e-05	0.00087255208684	0.00085215380685	0.000853419485829	0.000851301871704	0.00090725989051	0.00091746760846	0.00091275819034	0.00091546548027	0.00091375327354	0.00909401637356	0.010300703949260002	0.01025034883335	0.010284144503571	0.010288860262653	0.010290514258028	0.010274555533903	0.010267989071773	0.010271156773127	0.010282875256579001	0.010280571423874	0.010275447534223	0.010287142208855002	0.006867341070760001	0.007909650674060001	0.00802367487837	0.009666570630940001	0.009041376569940002	0.009578441824970002	0.00716138118756	0.009077706436360002	0.008961971385026002	0.008945995535596002	0.008969132784045	0.009836711600465	0.009155735286265001	0.012193355445860001	0.012311311588220002
S48	0.0009114934426430001	0.000913766074513	0.000819718536223	3.4625943337e-05	3.4318644997e-05	0.0	4.9149236808e-05	0.00010336236995799999	0.00011931074296599998	9.2010496336e-05	0.000113331144553	0.000101683371443	0.000107173342318	0.000108428935868	0.000114160844508	0.00012984996220799996	0.00011048404742399998	8.285693912400001e-05	8.6996620554e-05	7.547673526400001e-05	8.082578797800002e-05	0.000105596008865	0.000254576633245	7.2995895672e-05	6.5378181842e-05	7.037900488300001e-05	7.2522956069e-05	6.9755085898e-05	6.889193547200001e-05	7.0752773091e-05	3.5382398798999996e-05	0.000867322966003	0.0008469246860130001	0.000848190364992	0.0008460727508670001	0.0009020307696730001	0.000912238487623	0.000907529069503	0.000910236359433	0.0009085241527030001	0.009088787252723	0.010295474828423001	0.010245119712513	0.010278915382734	0.010283631141816001	0.010285285137191	0.010269326413066	0.010262759950936	0.010265927652290001	0.010277646135742	0.010275342303037002	0.010270218413386	0.010281913088018001	0.006862111949923001	0.007904421553223	0.008018445757533	0.009661341510103002	0.009036147449103001	0.009573212704133001	0.007156152066723	0.009072477315523	0.008956742264189	0.008940766414759	0.008963903663208	0.009831482479628	0.009150506165428	0.012188126325023	0.012306082467383002
S9	0.0009167634708450002	0.0009190361027150002	0.000824988564425	5.4685655985e-05	5.4378357645e-05	4.9149236808e-05	0.0	9.440305244999999e-05	0.00011035142545799998	8.3051178828e-05	0.000104371827045	9.2724053935e-05	9.821402481e-05	9.946961836e-05	0.00010520152699999999	0.00012089064469999997	0.00010152472991599998	7.3897621616e-05	7.8037303046e-05	6.6517417756e-05	7.186647047e-05	9.6636691357e-05	0.00024561731573699997	6.403657816399999e-05	5.6418864333999997e-05	6.1419687375e-05	6.356363856099999e-05	6.0795768389999994e-05	5.9932617964e-05	6.179345558299999e-05	3.8158269509e-05	0.0008725929942050001	0.0008521947142150001	0.000853460393194	0.0008513427790690001	0.0009073007978750001	0.000917508515825	0.0009127990977050001	0.0009155063876350001	0.0009137941809050001	0.009094057280925001	0.010300744856625	0.010250389740715	0.010284185410936	0.010288901170018	0.010290555165393001	0.010274596441268	0.010268029979138001	0.010271197680492	0.010282916163944	0.010280612331239	0.010275488441588	0.01028718311622	0.006867381978125001	0.007909691581425	0.008023715785735	0.009666611538305	0.009041417477305	0.009578482732335001	0.007161422094925	0.009077747343725	0.008962012292391	0.008946036442961	0.008969173691409999	0.00983675250783	0.00915577619363	0.012193396353225	0.012311352495585001
S82	0.0009709766039950001	0.0009732492358650001	0.000879201697575	0.000108898789135	0.000108591490795	0.00010336236995799999	9.440305244999999e-05	0.0	0.000108493344508	8.1193097878e-05	0.000102513746095	9.0865972985e-05	9.635594386000001e-05	9.761153741000002e-05	0.00010334344605000001	0.00011903256374999998	0.000138182266346	0.000110555158046	0.000114694839476	0.000103174954186	0.00010852400689999999	0.000140197583299	0.000289178207679	0.000107597470106	9.9979756276e-05	0.000104980579317	0.000107124530503	0.000104356660332	0.000103493509906	0.000105354347525	9.237140265899999e-05	0.000926806127355	0.000906407847365	0.000907673526344	0.000905555912219	0.000961513931025	0.000971721648975	0.000967012230855	0.000969719520785	0.000968007314055	0.009148270414075	0.010354957989775001	0.010304602873865	0.010338398544086	0.010343114303168002	0.010344768298543	0.010328809574418	0.010322243112288	0.010325410813642001	0.010337129297094001	0.010334825464389002	0.010329701574738	0.010341396249370001	0.006921595111275001	0.007963904714575	0.008077928918885001	0.009720824671455002	0.009095630610455001	0.009632695865485002	0.0072156352280750005	0.009131960476875001	0.009016225425541001	0.009000249576111001	0.00902338682456	0.00989096564098	0.00920998932678	0.012247609486375	0.012365565628735002
S80	0.0009869249770030001	0.000989197608873	0.000895150070583	0.000124847162143	0.00012453986380299998	0.00011931074296599998	0.00011035142545799998	0.000108493344508	0.0	7.840682557e-05	0.000111837032673	0.000102189260563	0.000107679231438	0.000108934824988	0.000114666733628	0.00013035585132799998	0.00015413063935400002	0.000126503531054	0.000130643212484	0.000119123327194	0.000124472379908	0.00015614595630699998	0.00030512658068699997	0.00012354584311399997	0.00011592812928399999	0.00012092895232499999	0.000123072903511	0.00012030503333999999	0.00011944188291399999	0.00012130272053299999	0.00010831977566699998	0.000942754500363	0.0009223562203730001	0.000923621899352	0.0009215042852270001	0.000977462304033	0.000987670021983	0.0009829606038630001	0.000985667893793	0.0009839556870630001	0.009164218787083001	0.010370906362783	0.010320551246873	0.010354346917094	0.010359062676176	0.010360716671551001	0.010344757947426	0.010338191485296001	0.01034135918665	0.010353077670102	0.010350773837397	0.010345649947746	0.010357344622378	0.006937543484283001	0.007979853087583	0.008093877291893	0.009736773044463	0.009111578983463	0.009648644238493001	0.007231583601083	0.009147908849883	0.009032173798549	0.009016197949119	0.009039335197568	0.009906914013988	0.009225937699788	0.012263557859383	0.012381514001743001
S24	0.0009596247303730001	0.0009618973622430001	0.000867849823953	9.754691551300001e-05	9.723961717300001e-05	9.2010496336e-05	8.3051178828e-05	8.1193097878e-05	7.840682557e-05	0.0	8.4536786043e-05	7.4889013933e-05	8.0378984808e-05	8.1634578358e-05	8.7366486998e-05	0.00010305560469799999	0.000126830392724	9.9203284424e-05	0.000103342965854	9.1823080564e-05	9.7172133278e-05	0.000128845709677	0.000277826334057	9.624559648400001e-05	8.862788265400001e-05	9.362870569500001e-05	9.577265688100001e-05	9.300478671000001e-05	9.214163628400001e-05	9.400247390300001e-05	8.1019529037e-05	0.000915454253733	0.000895055973743	0.000896321652722	0.0008942040385970001	0.000950162057403	0.000960369775353	0.000955660357233	0.0009583676471630001	0.000956655440433	0.009136918540453001	0.010343606116153002	0.010293251000243	0.010327046670464	0.010331762429546	0.010333416424921001	0.010317457700796	0.010310891238666001	0.01031405894002	0.010325777423472002	0.010323473590767001	0.010318349701116	0.010330044375748002	0.006910243237653001	0.007952552840953002	0.008066577045263	0.009709472797833001	0.009084278736833002	0.009621343991863002	0.0072042833544530005	0.009120608603253002	0.009004873551919002	0.008988897702489002	0.009012034950938	0.009879613767358	0.009198637453158002	0.012236257612753002	0.012354213755113003
S87	0.00098094537859	0.0009832180104600002	0.00088917047217	0.00011886756373	0.00011856026539	0.000113331144553	0.000104371827045	0.000102513746095	0.000111837032673	8.4536786043e-05	0.0	9.620966214999999e-05	0.000101699633025	0.000102955226575	0.000108687135215	0.000124376252915	0.000148151040941	0.000120523932641	0.000124663614071	0.00011314372878100001	0.00011849278149500001	0.000150166357894	0.000299146982274	0.000117566244701	0.000109948530871	0.00011494935391200001	0.000117093305098	0.000114325434927	0.00011346228450100001	0.00011532312212	0.000102340177254	0.0009367749019500001	0.0009163766219600001	0.000917642300939	0.0009155246868140001	0.0009714827056200001	0.0009816904235700002	0.00097698100545	0.0009796882953800002	0.00097797608865	0.009158239188670002	0.010364926764370001	0.01031457164846	0.010348367318681	0.010353083077763	0.010354737073138002	0.010338778349013	0.010332211886883002	0.010335379588237001	0.010347098071689001	0.010344794238984	0.010339670349333	0.010351365023965001	0.0069315638858700014	0.00797387348917	0.008087897693480001	0.00973079344605	0.009105599385050001	0.009642664640080002	0.0072256040026700006	0.009141929251470001	0.009026194200136001	0.009010218350706001	0.009033355599155	0.009900934415575	0.009219958101375	0.01225757826097	0.012375534403330002
S41	0.0009692976054800002	0.0009715702373500001	0.00087752269906	0.00010721979062	0.00010691249228	0.000101683371443	9.2724053935e-05	9.0865972985e-05	0.000102189260563	7.4889013933e-05	9.620966214999999e-05	0.0	8.8051858915e-05	8.9307452465e-05	9.5039361105e-05	0.00011072847880499999	0.000136503267831	0.000108876159531	0.000113015840961	0.00010149595567100001	0.00010684500838500001	0.000138518584784	0.000287499209164	0.000105918471591	9.8300757761e-05	0.000103301580802	0.000105445531988	0.000102677661817	0.000101814511391	0.00010367534901	9.0692404144e-05	0.0009251271288400001	0.0009047288488500001	0.000905994527829	0.0009038769137040001	0.0009598349325100001	0.00097004265046	0.0009653332323400001	0.00096804052227	0.0009663283155400001	0.00914659141556	0.010353278991260002	0.01030292387535	0.010336719545571	0.010341435304653	0.010343089300028	0.010327130575903	0.010320564113773	0.010323731815127	0.010335450298579001	0.010333146465874	0.010328022576222999	0.010339717250855002	0.006919916112760001	0.007962225716060001	0.00807624992037	0.00971914567294	0.009093951611940002	0.009631016866970002	0.00721395622956	0.009130281478360001	0.009014546427026001	0.008998570577596001	0.009021707826045	0.009889286642465	0.009208310328265001	0.012245930487860001	0.012363886630220002
S61	0.0009747875763550001	0.000977060208225	0.000883012669935	0.000112709761495	0.000112402463155	0.000107173342318	9.821402481e-05	9.635594386000001e-05	0.000107679231438	8.0378984808e-05	0.000101699633025	8.8051858915e-05	0.0	4.895796523e-05	9.580181135e-05	0.00011149092905	0.00014199323870600002	0.000114366130406	0.000118505811836	0.000106985926546	0.00011233497925999999	0.000144008555659	0.000292989180039	0.00011140844246600001	0.000103790728636	0.000108791551677	0.000110935502863	0.00010816763269200001	0.000107304482266	0.000109165319885	9.6182375019e-05	0.000930617099715	0.0009102188197250001	0.000911484498704	0.0009093668845790001	0.0009653249033850001	0.000975532621335	0.0009708232032150001	0.000973530493145	0.0009718182864150001	0.009152081386435001	0.010358768962135001	0.010308413846225	0.010342209516446	0.010346925275528	0.010348579270903002	0.010332620546778	0.010326054084648002	0.010329221786002001	0.010340940269454	0.010338636436749	0.010333512547098	0.010345207221730001	0.006925406083635001	0.007967715686935	0.008081739891245	0.009724635643815	0.009099441582815001	0.009636506837845001	0.007219446200435	0.009135771449235	0.009020036397901	0.009004060548471	0.00902719779692	0.00989477661334	0.00921380029914	0.012251420458735	0.012369376601095002
S6	0.0009760431699050001	0.0009783158017750001	0.000884268263485	0.000113965355045	0.000113658056705	0.000108428935868	9.946961836e-05	9.761153741000002e-05	0.000108934824988	8.1634578358e-05	0.000102955226575	8.9307452465e-05	4.895796523e-05	0.0	9.70574049e-05	0.0001127465226	0.00014324883225600002	0.000115621723956	0.000119761405386	0.00010824152009600001	0.00011359057281	0.00014526414920899998	0.000294244773589	0.00011266403601600001	0.000105046322186	0.00011004714522700001	0.000112191096413	0.00010942322624200001	0.00010856007581600001	0.000110420913435	9.7437968569e-05	0.000931872693265	0.0009114744132750001	0.000912740092254	0.0009106224781290001	0.0009665804969350001	0.0009767882148850001	0.000972078796765	0.0009747860866950001	0.000973073879965	0.009153336979985001	0.010360024555685	0.010309669439775002	0.010343465109996001	0.010348180869078	0.010349834864453001	0.010333876140328001	0.010327309678198001	0.010330477379552002	0.010342195863004	0.010339892030299001	0.010334768140648001	0.01034646281528	0.006926661677185001	0.007968971280485002	0.008082995484795	0.009725891237365001	0.009100697176365	0.009637762431395	0.0072207017939850005	0.009137027042785002	0.009021291991451002	0.009005316142021002	0.00902845339047	0.00989603220689	0.009215055892690002	0.012252676052285002	0.012370632194645003
S90	0.000981775078545	0.000984047710415	0.000890000172125	0.000119697263685	0.000119389965345	0.000114160844508	0.00010520152699999999	0.00010334344605000001	0.000114666733628	8.7366486998e-05	0.000108687135215	9.5039361105e-05	9.580181135e-05	9.70574049e-05	0.0	8.57477568e-05	0.00014898074089600001	0.000121353632596	0.000125493314026	0.000113973428736	0.00011932248144999999	0.000150996057849	0.000299976682229	0.00011839594465600001	0.000110778230826	0.000115779053867	0.000117923005053	0.00011515513488200001	0.000114291984456	0.000116152822075	0.00010316987720899999	0.000937604601905	0.000917206321915	0.000918472000894	0.000916354386769	0.000972312405575	0.000982520123525	0.000977810705405	0.0009805179953350002	0.000978805788605	0.009159068888625	0.010365756464325	0.010315401348415	0.010349197018636	0.010353912777718001	0.010355566773093	0.010339608048968	0.010333041586838	0.010336209288192	0.010347927771644	0.010345623938939001	0.010340500049288	0.01035219472392	0.006932393585825001	0.007974703189125	0.008088727393435	0.009731623146005002	0.009106429085005	0.009643494340035001	0.007226433702625	0.009142758951425	0.009027023900091	0.009011048050661	0.009034185299109999	0.00990176411553	0.00922078780133	0.012258407960925	0.012376364103285001
S91	0.000997464196245	0.0009997368281150002	0.000905689289825	0.00013538638138499998	0.00013507908304499997	0.00012984996220799996	0.00012089064469999997	0.00011903256374999998	0.00013035585132799998	0.00010305560469799999	0.000124376252915	0.00011072847880499999	0.00011149092905	0.0001127465226	8.57477568e-05	0.0	0.000164669858596	0.000137042750296	0.000141182431726	0.000129662546436	0.00013501159915	0.00016668517554899997	0.00031566579992899996	0.00013408506235599996	0.00012646734852599998	0.00013146817156699998	0.00013361212275299998	0.00013084425258199996	0.00012998110215599998	0.00013184193977499998	0.00011885899490899997	0.0009532937196050001	0.0009328954396150001	0.000934161118594	0.0009320435044690001	0.0009880015232750002	0.0009982092412250002	0.000993499823105	0.0009962071130350002	0.000994494906305	0.009174758006325001	0.010381445582025	0.010331090466115	0.010364886136336	0.010369601895418	0.010371255890793001	0.010355297166668	0.010348730704538001	0.010351898405892	0.010363616889344	0.010361313056639	0.010356189166988	0.01036788384162	0.006948082703525001	0.007990392306825	0.008104416511135	0.009747312263705	0.009122118202705	0.009659183457735001	0.007242122820325	0.009158448069125	0.009042713017791	0.009026737168361	0.009049874416809999	0.00991745323323	0.00923647691903	0.012274097078625	0.012392053220985001
S73	0.000978098281461	0.0009803709133310002	0.000886323375041	0.00011602046660099999	0.00011571316826099999	0.00011048404742399998	0.00010152472991599998	0.000138182266346	0.00015413063935400002	0.000126830392724	0.000148151040941	0.000136503267831	0.00014199323870600002	0.00014324883225600002	0.00014898074089600001	0.000164669858596	0.0	8.391074461999999e-05	0.000101969689336	9.044980404600001e-05	9.579885676e-05	0.00014731926076499998	0.00029629988514499997	0.00011471914757199999	0.00010710143374199999	0.00011210225678299999	0.00011424620796899999	0.00011147833779799999	0.00011061518737199999	0.00011247602499099999	9.949308012499998e-05	0.0009339278048210001	0.0009135295248310001	0.0009147952038100001	0.0009126775896850001	0.0009686356084910001	0.0009788433264410002	0.0009741339083210001	0.0009768411982510002	0.0009751289915210001	0.009155392091541	0.010362079667241002	0.010311724551331	0.010345520221552	0.010350235980634	0.010351889976009	0.010335931251884	0.010329364789754	0.010332532491108	0.010344250974560001	0.010341947141855	0.010336823252204	0.010348517926836002	0.006928716788741001	0.007971026392041001	0.008085050596351	0.009727946348921001	0.009102752287921002	0.009639817542951002	0.007222756905541	0.009139082154341002	0.009023347103007002	0.009007371253577002	0.009030508502026	0.009898087318446	0.009217111004246001	0.012254731163841001	0.012372687306201002
S67	0.0009504711731610001	0.000952743805031	0.000858696266741	8.8393358301e-05	8.808605996100002e-05	8.285693912400001e-05	7.3897621616e-05	0.000110555158046	0.000126503531054	9.9203284424e-05	0.000120523932641	0.000108876159531	0.000114366130406	0.000115621723956	0.000121353632596	0.000137042750296	8.391074461999999e-05	0.0	7.4342581036e-05	6.282269574600001e-05	6.817174846e-05	0.000119692152465	0.00026867277684499997	8.7092039272e-05	7.9474325442e-05	8.4475148483e-05	8.6619099669e-05	8.3851229498e-05	8.2988079072e-05	8.4848916691e-05	7.186597182500001e-05	0.000906300696521	0.0008859024165310001	0.00088716809551	0.0008850504813850001	0.0009410085001910001	0.000951216218141	0.000946506800021	0.000949214089951	0.000947501883221	0.009127764983241	0.010334452558941002	0.010284097443031	0.010317893113252	0.010322608872334	0.010324262867709	0.010308304143584	0.010301737681454001	0.010304905382808	0.010316623866260002	0.010314320033555001	0.010309196143904	0.010320890818536002	0.006901089680441001	0.007943399283741001	0.008057423488051	0.009700319240621001	0.009075125179621002	0.009612190434651002	0.007195129797241	0.009111455046041002	0.008995719994707002	0.008979744145277002	0.009002881393726	0.009870460210146	0.009189483895946001	0.012227104055541001	0.012345060197901003
S59	0.0009546108545910001	0.0009568834864610001	0.000862835948171	9.2533039731e-05	9.2225741391e-05	8.6996620554e-05	7.8037303046e-05	0.000114694839476	0.000130643212484	0.000103342965854	0.000124663614071	0.000113015840961	0.000118505811836	0.000119761405386	0.000125493314026	0.000141182431726	0.000101969689336	7.4342581036e-05	0.0	4.711556633e-05	6.9156802916e-05	0.00012383183389499998	0.00027281245827499997	9.1231720702e-05	8.3614006872e-05	8.8614829913e-05	9.0758781099e-05	8.7990910928e-05	8.7127760502e-05	8.8988598121e-05	7.6005653255e-05	0.000910440377951	0.0008900420979610001	0.00089130777694	0.0008891901628150001	0.0009451481816210001	0.000955355899571	0.000950646481451	0.0009533537713810001	0.000951641564651	0.009131904664671	0.010338592240371001	0.010288237124461	0.010322032794681999	0.010326748553764	0.010328402549139	0.010312443825013999	0.010305877362884	0.010309045064238	0.010320763547690001	0.010318459714985	0.010313335825333999	0.010325030499966002	0.006905229361871001	0.007947538965171001	0.008061563169481	0.009704458922051	0.009079264861051001	0.009616330116081002	0.007199269478671	0.009115594727471001	0.008999859676137001	0.008983883826707001	0.009007021075156	0.009874599891576	0.009193623577376001	0.012231243736971001	0.012349199879331002
S38	0.0009430909693010002	0.0009453636011710002	0.0008513160628810001	8.101315444100002e-05	8.070585610100001e-05	7.547673526400001e-05	6.6517417756e-05	0.000103174954186	0.000119123327194	9.1823080564e-05	0.00011314372878100001	0.00010149595567100001	0.000106985926546	0.00010824152009600001	0.000113973428736	0.000129662546436	9.044980404600001e-05	6.282269574600001e-05	4.711556633e-05	0.0	5.7636917626e-05	0.00011231194860500001	0.000261292572985	7.9711835412e-05	7.2094121582e-05	7.7094944623e-05	7.923889580899999e-05	7.6471025638e-05	7.5607875212e-05	7.7468712831e-05	6.4485767965e-05	0.0008989204926610001	0.0008785222126710001	0.0008797878916500001	0.0008776702775250002	0.0009336282963310001	0.0009438360142810001	0.0009391265961610001	0.0009418338860910002	0.0009401216793610001	0.009120384779381	0.010327072355081	0.010276717239171	0.010310512909392	0.010315228668474001	0.010316882663849	0.010300923939724	0.010294357477594	0.010297525178948	0.0103092436624	0.010306939829695001	0.010301815940044	0.010313510614676	0.006893709476581001	0.007936019079881	0.008050043284191	0.009692939036761002	0.009067744975761	0.009604810230791001	0.007187749593381	0.009104074842181	0.008988339790847	0.008972363941417	0.008995501189866	0.009863080006286	0.009182103692086	0.012219723851681	0.012337679994041001
S66	0.0009484400220150001	0.000950712653885	0.000856665115595	8.636220715500002e-05	8.605490881500001e-05	8.082578797800002e-05	7.186647047e-05	0.00010852400689999999	0.000124472379908	9.7172133278e-05	0.00011849278149500001	0.00010684500838500001	0.00011233497925999999	0.00011359057281	0.00011932248144999999	0.00013501159915	9.579885676e-05	6.817174846e-05	6.9156802916e-05	5.7636917626e-05	0.0	0.00011766100131900001	0.000266641625699	8.5060888126e-05	7.7443174296e-05	8.2443997337e-05	8.4587948523e-05	8.1820078352e-05	8.0956927926e-05	8.2817765545e-05	6.9834820679e-05	0.000904269545375	0.000883871265385	0.000885136944364	0.0008830193302390001	0.0009389773490450001	0.000949185066995	0.000944475648875	0.000947182938805	0.000945470732075	0.009125733832095001	0.010332421407795	0.010282066291885	0.010315861962106	0.010320577721187999	0.010322231716563001	0.010306272992438	0.010299706530308001	0.010302874231662	0.010314592715114	0.010312288882409	0.010307164992758	0.01031885966739	0.006899058529295001	0.007941368132595	0.008055392336905	0.009698288089475	0.009073094028475	0.009610159283505	0.007193098646095	0.009109423894895	0.008993688843561	0.008977712994131	0.009000850242579999	0.009868429058999999	0.0091874527448	0.012225072904395	0.012343029046755001
S58	0.0009732102429020001	0.000975482874772	0.000881435336482	0.000111132428042	0.000110825129702	0.000105596008865	9.6636691357e-05	0.000140197583299	0.00015614595630699998	0.000128845709677	0.000150166357894	0.000138518584784	0.000144008555659	0.00014526414920899998	0.000150996057849	0.00016668517554899997	0.00014731926076499998	0.000119692152465	0.00012383183389499998	0.00011231194860500001	0.00011766100131900001	0.0	0.00026437768262	9.015822483300001e-05	8.2540511003e-05	8.7541334044e-05	8.968528523e-05	8.691741505900001e-05	8.6054264633e-05	8.7915102252e-05	9.4605041566e-05	0.000929039766262	0.0009086414862720001	0.000909907165251	0.0009077895511260001	0.0009637475699320001	0.000973955287882	0.000969245869762	0.000971953159692	0.000970240952962	0.009150504052982001	0.010357191628682	0.010306836512772	0.010340632182993	0.010345347942075	0.010347001937450001	0.010331043213325	0.010324476751195001	0.010327644452549	0.010339362936001	0.010337059103296	0.010331935213645	0.010343629888277	0.006923828750182001	0.007966138353482	0.008080162557792	0.009723058310362	0.009097864249362	0.009634929504392	0.007217868866982	0.009134194115782	0.009018459064448	0.009002483215018	0.009025620463466999	0.009893199279886999	0.009212222965687	0.012249843125282	0.012367799267642001
S57	0.001122190867282	0.001124463499152	0.001030415960862	0.00026011305242200003	0.000259805754082	0.000254576633245	0.00024561731573699997	0.000289178207679	0.00030512658068699997	0.000277826334057	0.000299146982274	0.000287499209164	0.000292989180039	0.000294244773589	0.000299976682229	0.00031566579992899996	0.00029629988514499997	0.00026867277684499997	0.00027281245827499997	0.000261292572985	0.000266641625699	0.00026437768262	0.0	0.00023913884921299998	0.000231521135383	0.000236521958424	0.00023866590961	0.00023589803943899998	0.000235034889013	0.000236895726632	0.000243585665946	0.001078020390642	0.001057622110652	0.001058887789631	0.001056770175506	0.001112728194312	0.0011229359122620001	0.001118226494142	0.001120933784072	0.001119221577342	0.009299484677362	0.010506172253062001	0.010455817137152	0.010489612807373	0.010494328566455002	0.01049598256183	0.010480023837705	0.010473457375575	0.010476625076929001	0.010488343560381001	0.010486039727676002	0.010480915838025	0.010492610512657001	0.007072809374562001	0.008115118977862	0.008229143182172001	0.009872038934742002	0.009246844873742001	0.009783910128772002	0.0073668494913620005	0.009283174740162001	0.009167439688828001	0.009151463839398001	0.009174601087847	0.010042179904267	0.009361203590067	0.012398823749662	0.012516779892022002
S79	0.0009406101297090001	0.0009428827615790001	0.000848835223289	7.853231484900001e-05	7.822501650900001e-05	7.2995895672e-05	6.403657816399999e-05	0.000107597470106	0.00012354584311399997	9.624559648400001e-05	0.000117566244701	0.000105918471591	0.00011140844246600001	0.00011266403601600001	0.00011839594465600001	0.00013408506235599996	0.00011471914757199999	8.7092039272e-05	9.1231720702e-05	7.9711835412e-05	8.5060888126e-05	9.015822483300001e-05	0.00023913884921299998	0.0	3.747986755e-05	4.2480690591e-05	4.4624641777e-05	4.1856771606e-05	4.099362118e-05	5.2428343341e-05	6.2004928373e-05	0.000896439653069	0.000876041373079	0.000877307052058	0.000875189437933	0.000931147456739	0.000941355174689	0.000936645756569	0.000939353046499	0.000937640839769	0.009117903939789	0.010324591515489	0.010274236399579001	0.0103080320698	0.010312747828882	0.010314401824257	0.010298443100132	0.010291876638002	0.010295044339356001	0.010306762822808	0.010304458990103	0.010299335100452	0.010311029775084	0.006891228636989001	0.007933538240289001	0.008047562444599	0.009690458197169	0.009065264136169	0.009602329391199	0.007185268753789	0.009101594002589001	0.008985858951255001	0.008969883101825001	0.008993020350274	0.009860599166694	0.009179622852494001	0.012217243012089	0.012335199154449002
S23	0.0009329924158790002	0.0009352650477490001	0.0008412175094590001	7.091460101900001e-05	7.060730267900001e-05	6.5378181842e-05	5.6418864333999997e-05	9.9979756276e-05	0.00011592812928399999	8.862788265400001e-05	0.000109948530871	9.8300757761e-05	0.000103790728636	0.000105046322186	0.000110778230826	0.00012646734852599998	0.00010710143374199999	7.9474325442e-05	8.3614006872e-05	7.2094121582e-05	7.7443174296e-05	8.2540511003e-05	0.000231521135383	3.747986755e-05	0.0	1.0250954173e-05	1.2394905359e-05	3.1170888768e-05	3.0307738342e-05	4.4810629510999995e-05	5.4387214543e-05	0.0008888219392390001	0.0008684236592490001	0.0008696893382280001	0.0008675717241030001	0.0009235297429090001	0.0009337374608590001	0.0009290280427390001	0.000931735332669	0.0009300231259390001	0.009110286225959	0.010316973801659001	0.010266618685749001	0.01030041435597	0.010305130115052002	0.010306784110427	0.010290825386302	0.010284258924172	0.010287426625526001	0.010299145108978001	0.010296841276273002	0.010291717386622	0.010303412061254002	0.006883610923159002	0.007925920526459001	0.008039944730769001	0.009682840483339002	0.009057646422339001	0.009594711677369002	0.007177651039959001	0.009093976288759001	0.008978241237425001	0.008962265387995001	0.008985402636444	0.009852981452864	0.009172005138664	0.012209625298259	0.012327581440619002
S43	0.0009379932389200001	0.00094026587079	0.0008462183325	7.591542406000001e-05	7.560812572000001e-05	7.037900488300001e-05	6.1419687375e-05	0.000104980579317	0.00012092895232499999	9.362870569500001e-05	0.00011494935391200001	0.000103301580802	0.000108791551677	0.00011004714522700001	0.000115779053867	0.00013146817156699998	0.00011210225678299999	8.4475148483e-05	8.8614829913e-05	7.7094944623e-05	8.2443997337e-05	8.7541334044e-05	0.000236521958424	4.2480690591e-05	1.0250954173e-05	0.0	7.124794442e-06	3.6171711809e-05	3.5308561383000004e-05	4.9811452552e-05	5.938803758400001e-05	0.00089382276228	0.0008734244822900001	0.000874690161269	0.0008725725471440001	0.0009285305659500001	0.0009387382839	0.00093402886578	0.00093673615571	0.00093502394898	0.009115287049000002	0.010321974624700001	0.01027161950879	0.010305415179011	0.010310130938093	0.010311784933468002	0.010295826209343	0.010289259747213002	0.010292427448567001	0.010304145932019	0.010301842099314	0.010296718209663	0.010308412884295001	0.006888611746200001	0.0079309213495	0.00804494555381	0.00968784130638	0.009062647245380001	0.009599712500410001	0.007182651863	0.009098977111800001	0.008983242060466001	0.008967266211036001	0.008990403459485	0.009857982275905	0.009177005961705	0.0122146261213	0.012332582263660002
S56	0.0009401371901060001	0.000942409821976	0.000848362283686	7.805937524600001e-05	7.775207690600001e-05	7.2522956069e-05	6.356363856099999e-05	0.000107124530503	0.000123072903511	9.577265688100001e-05	0.000117093305098	0.000105445531988	0.000110935502863	0.000112191096413	0.000117923005053	0.00013361212275299998	0.00011424620796899999	8.6619099669e-05	9.0758781099e-05	7.923889580899999e-05	8.4587948523e-05	8.968528523e-05	0.00023866590961	4.4624641777e-05	1.2394905359e-05	7.124794442e-06	0.0	3.8315662994999994e-05	3.7452512569e-05	5.1955403737999995e-05	6.153198877e-05	0.000895966713466	0.0008755684334760001	0.000876834112455	0.0008747164983300001	0.0009306745171360001	0.000940882235086	0.000936172816966	0.000938880106896	0.000937167900166	0.009117431000186	0.010324118575886	0.010273763459976	0.010307559130197	0.010312274889279001	0.010313928884654	0.010297970160529	0.010291403698399	0.010294571399753	0.010306289883205	0.010303986050500001	0.010298862160849	0.010310556835481	0.006890755697386001	0.007933065300686	0.008047089504996	0.009689985257566001	0.009064791196566	0.009601856451596	0.007184795814186	0.009101121062986	0.008985386011652	0.008969410162222	0.008992547410670999	0.009860126227090999	0.009179149912891	0.012216770072486	0.012334726214846001
S70	0.0009373693199350001	0.000939641951805	0.000845594413515	7.5291505075e-05	7.498420673500001e-05	6.9755085898e-05	6.0795768389999994e-05	0.000104356660332	0.00012030503333999999	9.300478671000001e-05	0.000114325434927	0.000102677661817	0.00010816763269200001	0.00010942322624200001	0.00011515513488200001	0.00013084425258199996	0.00011147833779799999	8.3851229498e-05	8.7990910928e-05	7.6471025638e-05	8.1820078352e-05	8.691741505900001e-05	0.00023589803943899998	4.1856771606e-05	3.1170888768e-05	3.6171711809e-05	3.8315662994999994e-05	0.0	1.4533098158e-05	4.9187533567e-05	5.8764118599e-05	0.000893198843295	0.000872800563305	0.000874066242284	0.0008719486281590001	0.0009279066469650001	0.000938114364915	0.000933404946795	0.000936112236725	0.000934400029995	0.009114663130015	0.010321350705715	0.010270995589805001	0.010304791260026001	0.010309507019108	0.010311161014483	0.010295202290358001	0.010288635828228001	0.010291803529582002	0.010303522013034	0.010301218180329001	0.010296094290678001	0.01030778896531	0.006887987827215001	0.007930297430515001	0.008044321634825	0.009687217387395001	0.009062023326395	0.009599088581425	0.007182027944015	0.009098353192815002	0.008982618141481002	0.008966642292051002	0.0089897795405	0.00985735835692	0.009176382042720001	0.012214002202315001	0.012331958344675003
S99	0.0009365061695090002	0.0009387788013790002	0.0008447312630890001	7.442835464900001e-05	7.412105630900002e-05	6.889193547200001e-05	5.9932617964e-05	0.000103493509906	0.00011944188291399999	9.214163628400001e-05	0.00011346228450100001	0.000101814511391	0.000107304482266	0.00010856007581600001	0.000114291984456	0.00012998110215599998	0.00011061518737199999	8.2988079072e-05	8.7127760502e-05	7.5607875212e-05	8.0956927926e-05	8.6054264633e-05	0.000235034889013	4.099362118e-05	3.0307738342e-05	3.5308561383000004e-05	3.7452512569e-05	1.4533098158e-05	0.0	4.8324383141e-05	5.790096817300001e-05	0.0008923356928690001	0.0008719374128790001	0.0008732030918580001	0.0008710854777330001	0.0009270434965390001	0.0009372512144890001	0.0009325417963690001	0.0009352490862990001	0.0009335368795690001	0.009113799979589	0.010320487555289002	0.010270132439379	0.0103039281096	0.010308643868682	0.010310297864057	0.010294339139932	0.010287772677802001	0.010290940379156	0.010302658862608002	0.010300355029903	0.010295231140252	0.010306925814884002	0.006887124676789001	0.007929434280089001	0.008043458484399	0.009686354236969001	0.009061160175969002	0.009598225430999002	0.007181164793589	0.009097490042389002	0.008981754991055002	0.008965779141625002	0.008988916390074	0.009856495206494	0.009175518892294001	0.012213139051889001	0.012331095194249003
S52	0.0009383670071280002	0.0009406396389980002	0.0008465921007080001	7.628919226800001e-05	7.598189392800001e-05	7.0752773091e-05	6.179345558299999e-05	0.000105354347525	0.00012130272053299999	9.400247390300001e-05	0.00011532312212	0.00010367534901	0.000109165319885	0.000110420913435	0.000116152822075	0.00013184193977499998	0.00011247602499099999	8.4848916691e-05	8.8988598121e-05	7.7468712831e-05	8.2817765545e-05	8.7915102252e-05	0.000236895726632	5.2428343341e-05	4.4810629510999995e-05	4.9811452552e-05	5.1955403737999995e-05	4.9187533567e-05	4.8324383141e-05	0.0	5.9761805792000005e-05	0.0008941965304880001	0.0008737982504980001	0.0008750639294770001	0.0008729463153520001	0.0009289043341580001	0.0009391120521080001	0.0009344026339880001	0.0009371099239180001	0.0009353977171880001	0.009115660817208	0.010322348392908	0.010271993276998001	0.010305788947219001	0.010310504706301	0.010312158701676	0.010296199977551001	0.010289633515421	0.010292801216775001	0.010304519700227	0.010302215867522	0.010297091977871	0.010308786652503	0.006888985514408001	0.007931295117708001	0.008045319322018	0.009688215074588	0.009063021013588	0.009600086268618	0.007183025631208	0.009099350880008001	0.008983615828674001	0.008967639979244001	0.008990777227693	0.009858356044113	0.009177379729913001	0.012214999889508001	0.012332956031868002
